0.006830823064600122	56168
0.007042775498754569	56038
0.007368060522576452	30657
0.007546779309585446	60421
0.007577108862394981	60652
0.007908105489780035	30184
0.008439884283866933	53990
0.008513544230572054	60756
0.009481534637000301	30069
0.009683715122630608	68234
0.009703764702688224	69180
0.009703764702688224	69181
0.009703764702688224	69177
0.009703764702688224	69176
0.009703764702688224	69195
0.009703764702688224	69196
0.009703764702688224	69197
0.009703764702688224	69198
0.009703764702688224	69199
0.009703764702688224	69200
0.009703764702688224	69201
0.009703764702688224	69173
0.009703764702688224	69172
0.009703764702688224	69208
0.009703764702688224	69209
0.009703764702688224	69210
0.009703764702688224	69211
0.009703764702688224	67982
0.009703764702688224	68800
0.009703764702688224	68799
0.009703764702688224	69171
0.009703764702688224	69221
0.009703764702688224	69228
0.009703764702688224	69229
0.009703764702688224	68811
0.009703764702688224	69230
0.009703764702688224	69231
0.009703764702688224	69232
0.009703764702688224	69233
0.009703764702688224	68789
0.009703764702688224	69238
0.009703764702688224	69239
0.009703764702688224	69240
0.009703764702688224	69241
0.009703764702688224	69160
0.009703764702688224	68772
0.009703764702688224	69157
0.009703764702688224	69156
0.009703764702688224	69155
0.009703764702688224	69154
0.009703764702688224	69153
0.009703764702688224	69152
0.009703764702688224	69151
0.009703764702688224	69150
0.009703764702688224	68760
0.009703764702688224	68757
0.009703764702688224	68754
0.009703764702688224	68751
0.009703764702688224	68750
0.009703764702688224	68824
0.009703764702688224	68008
0.009703764702688224	68737
0.009703764702688224	68736
0.009703764702688224	68735
0.009703764702688224	69139
0.009703764702688224	68732
0.009703764702688224	69138
0.009703764702688224	69135
0.009703764702688224	69134
0.009703764702688224	68729
0.009703764702688224	68728
0.009703764702688224	68727
0.009703764702688224	69127
0.009703764702688224	68713
0.009703764702688224	69124
0.009703764702688224	68708
0.009703764702688224	68833
0.009703764702688224	68693
0.009703764702688224	69121
0.009703764702688224	69120
0.009703764702688224	69119
0.009703764702688224	68025
0.009703764702688224	68680
0.009703764702688224	69116
0.009703764702688224	69115
0.009703764702688224	68677
0.009703764702688224	69114
0.009703764702688224	69113
0.009703764702688224	68670
0.009703764702688224	68669
0.009703764702688224	67979
0.009703764702688224	67978
0.009703764702688224	69112
0.009703764702688224	68659
0.009703764702688224	69111
0.009703764702688224	68656
0.009703764702688224	68655
0.009703764702688224	68642
0.009703764702688224	68637
0.009703764702688224	68834
0.009703764702688224	68835
0.009703764702688224	68838
0.009703764702688224	68630
0.009703764702688224	68839
0.009703764702688224	69091
0.009703764702688224	68629
0.009703764702688224	68626
0.009703764702688224	69090
0.009703764702688224	68617
0.009703764702688224	68612
0.009703764702688224	69087
0.009703764702688224	69086
0.009703764702688224	68852
0.009703764702688224	68853
0.009703764702688224	69077
0.009703764702688224	69070
0.009703764702688224	68573
0.009703764702688224	68572
0.009703764702688224	68569
0.009703764702688224	68863
0.009703764702688224	69061
0.009703764702688224	68869
0.009703764702688224	69056
0.009703764702688224	68047
0.009703764702688224	69053
0.009703764702688224	68874
0.009703764702688224	68550
0.009703764702688224	68549
0.009703764702688224	69046
0.009703764702688224	69042
0.009703764702688224	69035
0.009703764702688224	69034
0.009703764702688224	69026
0.009703764702688224	68048
0.009703764702688224	69023
0.009703764702688224	68879
0.009703764702688224	69018
0.009703764702688224	68520
0.009703764702688224	69015
0.009703764702688224	68511
0.009703764702688224	68510
0.009703764702688224	68509
0.009703764702688224	68508
0.009703764702688224	69008
0.009703764702688224	69007
0.009703764702688224	68484
0.009703764702688224	69004
0.009703764702688224	68449
0.009703764702688224	68448
0.009703764702688224	68440
0.009703764702688224	69001
0.009703764702688224	68428
0.009703764702688224	68996
0.009703764702688224	67967
0.009703764702688224	68407
0.009703764702688224	68406
0.009703764702688224	67966
0.009703764702688224	68383
0.009703764702688224	68382
0.009703764702688224	68358
0.009703764702688224	68353
0.009703764702688224	68350
0.009703764702688224	68337
0.009703764702688224	68982
0.009703764702688224	68314
0.009703764702688224	68979
0.009703764702688224	68288
0.009703764702688224	67965
0.009703764702688224	68283
0.009703764702688224	68978
0.009703764702688224	67952
0.009703764702688224	68275
0.009703764702688224	68977
0.009703764702688224	68976
0.009703764702688224	68965
0.009703764702688224	68269
0.009703764702688224	68964
0.009703764702688224	68268
0.009703764702688224	68061
0.009703764702688224	68963
0.009703764702688224	68962
0.009703764702688224	68959
0.009703764702688224	68249
0.009703764702688224	68958
0.009703764702688224	68955
0.009703764702688224	68237
0.009703764702688224	67674
0.009703764702688224	67945
0.009703764702688224	68954
0.009703764702688224	68229
0.009703764702688224	68953
0.009703764702688224	68228
0.009703764702688224	68227
0.009703764702688224	68952
0.009703764702688224	68224
0.009703764702688224	68942
0.009703764702688224	68205
0.009703764702688224	68935
0.009703764702688224	68204
0.009703764702688224	68203
0.009703764702688224	68934
0.009703764702688224	68885
0.009703764702688224	67940
0.009703764702688224	67725
0.009703764702688224	68184
0.009703764702688224	68183
0.009703764702688224	68177
0.009703764702688224	68176
0.009703764702688224	68068
0.009703764702688224	67732
0.009703764702688224	68171
0.009703764702688224	68927
0.009703764702688224	67929
0.009703764702688224	68164
0.009703764702688224	68924
0.009703764702688224	68163
0.009703764702688224	67928
0.009703764702688224	68150
0.009703764702688224	68915
0.009703764702688224	68143
0.009703764702688224	68142
0.009703764702688224	68139
0.009703764702688224	68005
0.009703764702688224	67905
0.009703764702688224	67910
0.009703764702688224	68908
0.009703764702688224	67911
0.009703764702688224	68119
0.009703764702688224	67912
0.009703764702688224	67927
0.009703764702688224	67923
0.009703764702688224	68100
0.009703764702688224	68904
0.009703764702688224	68900
0.009703764702688224	68897
0.009703764702688224	68004
0.009703764702688224	68091
0.009826783299407399	49314
0.009904666839749861	53793
0.009929383271293257	4589
0.010080500766428451	30043
0.010389277233375509	44352
0.01057869541034104	44641
0.010680820958751258	40627
0.010709133185269549	56182
0.0109609256119196	30762
0.011353810987809444	30042
0.01176345930635272	16400
0.012512724859863385	30334
0.012697595165756583	60381
0.01285725235028314	51512
0.01285725235028314	51568
0.013054730252225992	45654
0.013221600566250907	30277
0.013787535866930475	45819
0.013912331167684451	30280
0.014004746071840525	55260
0.014075331160595573	55283
0.014075331160595573	55815
0.014075331160595573	63862
0.014237665687790385	37365
0.014554563927696485	68104
0.014554563927696485	68662
0.01461662468021208	60430
0.014711561021292762	45535
0.01474055926804764	60638
0.014775959806868019	47215
0.014963894853828697	17300
0.014976480512084618	54792
0.014976480512084618	54843
0.01614204733065488	27684
0.016248298926905175	38393
0.01704938016929929	59254
0.01704938016929929	60792
0.017348357587060576	44589
0.017799855506255735	10319
0.019405363152704736	68998
0.019405363152704736	68285
0.019405363152704736	68532
0.019405363152704736	68042
0.019405363152704736	68576
0.019414347024436906	68233
0.019416428861030184	68231
0.019509681415608143	13837
0.019987640125324207	57453
0.02256427355481222	60757
0.022607281942013807	60454
0.023779429971020307	46049
0.026211514660049628	30279
0.0377990973202966	54404
0.04851015850275423	67759
0.06466705650797255	15236
0.07477411517693788	53284
0.09889741369546907	34121
0.10695229213602613	15010
0.11238843059865876	35614
0.1991613667403782	2333
0.36848952637153337	8938
0.8522153647152977	18436	
