1.974427753286019	1762419
1.9751239489986536	1765420
1.9817563330244143	1766133
1.984050466103194	1762265
1.9845664764350779	1765745
1.986719268194528	1765776
1.9925447879475358	962711
1.9929905207703025	1765749
1.9945336343520537	1765606
1.9972507946149294	1766621
1.9998849387589404	1765705
2.0039439418838154	1758984
2.0048680703714887	1762574
2.00675214909337	1761681
2.008368001030866	1765467
2.008681172222938	1766331
2.0110508638625166	1765625
2.0142669713712906	1772620
2.01624300939466	1762218
2.0173449962682524	1762575
2.0188681136438205	1765565
2.0219283168826747	1765350
2.022957596201925	1766778
2.024991865646376	1765384
2.027060220962174	960688
2.0297828468426014	1767277
2.0359901135211214	1765481
2.0427508722309153	1765453
2.0441960463314928	1766469
2.045232969895056	1762204
2.0459067807778695	1765456
2.0463686077481937	1765632
2.046426179964314	1762383
2.048726508559221	1765658
2.0518728064027756	1767280
2.052112249226412	1765455
2.0554960798926447	1762652
2.055829908627552	1762433
2.0581636911948156	1766283
2.059874244759865	1765817
2.0622580268428186	1762420
2.0633744591752854	1766771
2.071520815570097	1762228
2.072077523883917	1762042
2.073236573163091	1765545
2.0808091087411107	1765549
2.083551669912955	1768863
2.083607938767108	1765807
2.084775577964272	1765728
2.08756548948418	1766293
2.090142177248715	1765538
2.093187435808041	1765754
2.0960130682418696	962713
2.098458344471199	1762128
2.098905801399958	1766115
2.099034049569442	1766466
2.103685994212427	1762451
2.1038293574194427	1762405
2.1045826094741122	1765778
2.1085728363510268	1760476
2.111018781089419	1758917
2.111300112300163	1766774
2.114136309613814	1762170
2.1215076593487305	1762444
2.1225488726156856	1765400
2.1240510859360686	1762660
2.1241705659507844	1765713
2.1254912787083877	1767275
2.127730086915791	1762250
2.1345948826951426	1757677
2.1376374859759726	1765458
2.138541888504237	1765320
2.1397600144031954	723454
2.141311853670364	1762220
2.143738654232456	1765770
2.1493440752223307	1765733
2.1553777367173432	1762416
2.1556654372436888	1765876
2.1581961003906134	1765698
2.1624851897421755	1766092
2.165778402469727	1762345
2.1661907530643667	1762235
2.1705831619955482	1762165
2.1727409261698996	1765725
2.1764784973769107	1766325
2.1912858048370722	1765556
2.1955156741381283	1762224
2.1961234419653346	1762870
2.1988663748529333	1762407
2.200812859851101	1762216
2.201974092612541	1762263
2.2023934646740364	1766343
2.2031968392488133	1765791
2.2066528390769315	1765611
2.2159436135422435	1762491
2.2195257424201222	1766772
2.2245255250003395	1762215
2.228290321782279	1762490
2.228566190799259	1637541
2.2287718428171375	1766372
2.238685863027765	1765681
2.239681753542285	1637031
2.244087365731927	1765423
2.2555973111475223	1766399
2.2556105424081316	1766773
2.255964017321571	1761646
2.2561862792372804	967022
2.2607737605628113	1762452
2.26117963282291	1762546
2.2664443936311516	1762226
2.2879724032006954	1762135
2.3004381570386934	1765543
2.3014578103178422	1766357
2.3062817985775066	1765631
2.306727265207309	1766290
2.313667157081213	1765695
2.318521767141995	1765626
2.3192741819941367	1758964
2.322489427151001	1762646
2.322968433114764	1765813
2.3345027744346774	1766376
2.3459120665784874	1762412
2.349426090669661	1762303
2.3540206447380068	1763793
2.3568254298777886	1765737
2.363952976793947	1762130
2.3705277431801086	1765703
2.3778408380771547	1768865
2.3941205978750135	1765536
2.397150899809949	1766282
2.3981746132258643	1757707
2.4154925045037254	1765812
2.4186666279609916	1765726
2.428571710336231	1765794
2.437561976069351	960690
2.440401530129814	1762198
2.445282793116729	1762651
2.446686223517093	1765630
2.450345260822126	1765540
2.4519919867439315	1766291
2.4531283504438437	1766362
2.454612822279268	1765495
2.455771371069047	1766349
2.4604848658652814	1765691
2.4685638175204176	1762049
2.4714291292250774	1765844
2.4806442149600425	1762043
2.4828736502710447	1765633
2.486199644994585	1766460
2.4890622265360984	1762249
2.4921993409163403	723490
2.495028693433159	1761321
2.495254133246913	1765537
2.50068298365861	1766342
2.5157775408344074	1765825
2.5193657121123603	1762255
2.5240243214530094	1765748
2.553893627219506	1765768
2.559948041630978	1762456
2.561689745492992	1765772
2.5758131075776065	1765785
2.5764776069005366	1761902
2.5824667924678884	1766468
2.6142978986661807	1761872
2.625854623260421	1764666
2.625998031606812	1762967
2.6528959160262944	1767516
2.6549730004200653	1765580
2.6639906982556996	1765682
2.6664177384073806	368964
2.668262014460158	1766777
2.6684451550861583	1765503
2.6854062462502903	1760480
2.6859994165342194	1765845
2.729751581154892	1766464
2.7297946498958146	1762221
2.7604357805750923	1765687
2.7609447469328297	1762665
2.7719695225011027	1765570
2.7916824695801994	1766385
2.799008194981385	1766340
2.7991979373479094	1765886
2.812098607097478	1767279
2.8185112298553316	1766294
2.861594720446998	1766292
2.9700206097119772	1762203
3.041552342241962	1765686
3.0488313709471297	1765751
3.109832496769979	1768866
3.1630570875566617	1766775
3.1854287317135213	1765773
3.1883942250883277	1765670
3.238831047081046	1757678
3.306553251770269	1766371
3.333610527813285	964354
3.360819452603828	1766470
3.3635045132797208	1762354
3.37585568618946	1762223
3.6003640513394877	579599
6950.45797341304	
