174.31221798697408	88365034
174.38326467385215	44460419
174.49534233356823	87257509
174.65823300732154	49815203
175.29239000428365	6957074
175.84583031315512	89378632
176.7124351330044	14801384
177.25361935605656	106118836
177.4834565808936	114558805
178.27851785365806	113061668
178.281052503598	54207818
179.28386035093084	24866328
181.23589357851796	92602289
181.45838012055287	50050787
182.22004531775	30452163
182.30177087860713	14397047
182.38929322697493	46782657
182.6806270589495	25321079
182.7688018296853	111087449
182.8750890291171	38679318
183.66517797438866	86135143
183.8306950367773	7166932
184.46514629209153	93057908
186.06697260752253	111726209
187.63148978752167	4250142
187.90902504551673	29667680
187.96533948156883	8402306
187.99159496052758	51603783
188.01805764192008	16356603
188.06763121225032	39907836
188.39993909864504	43455726
188.49675778625016	45725217
188.62351965188756	45725218
188.67766785012424	81904764
188.80303292935525	112351048
191.43342866698313	1372416
191.5721740142698	5475619
192.61632920486917	61081732
192.73792875614893	112992535
193.72702590838796	83522909
193.90952642004942	55544726
194.29077029096297	85171526
194.88223216985293	8312806
195.2476675244336	102256930
195.41398309247919	25290190
197.9176000492551	6322763
198.71117239657988	80201574
199.11096118641743	64325783
199.32101390496766	45844018
200.02284430796558	32095650
202.9140353939937	5855575
205.21815893957742	44611939
206.15862729827884	67301356
206.8695293582366	36733961
207.11319177399307	111079652
207.6783313409881	111342908
207.76507607840134	38879238
208.39916347184746	75506574
208.79306081780996	9476177
209.22194167063924	110601439
209.485379429681	10483946
209.647109555489	82353048
209.90310398003604	43865003
211.15628927193245	111416558
212.7788805582796	63536379
215.56602008020346	37027540
216.27067296602524	94243671
216.8204299959304	63224891
217.1414049697842	63224890
217.4183341990342	87453503
217.8469334020044	15290457
219.11358696623512	98148512
219.39846345893818	84946321
219.9239064186502	26062311
220.2508630554476	57968676
220.50038357453894	42583625
222.78380806114785	66067749
223.7575955491682	58138109
225.25527974509356	64866025
225.93166281772056	13729441
227.88812966590612	109609739
230.78162432777913	48917254
232.39907010913203	87955303
234.29458212402298	16093918
234.54739575650942	82080242
234.98073917431543	113140589
235.41652285004622	104145211
235.82255754737156	5069164
236.42728408098452	2252519
238.09195393694108	107355322
238.82267104123144	25901969
239.0314925179074	42742172
239.41637849177835	38807782
239.58170588752463	99411512
240.25922592080784	111342909
242.7003528788651	88751189
245.45144959703944	75564066
246.27202784241865	53421622
248.7591214173332	2562890
254.09948337727445	18588538
255.7729342743951	67640371
255.8106430017771	67298965
257.1697624392245	110928089
259.16670247418904	110928088
259.2737595597051	106931720
259.31385391633177	15130185
259.32855215159884	112916494
259.5503687293865	56621361
263.7324250383909	68155717
267.67043358164176	92934106
271.2416780068932	111859878
272.6369738888208	75853784
272.7619818742513	27326516
273.59310469826175	107507712
273.78770101978387	51189984
273.8446884440484	55013169
276.02601348294905	101366577
277.8433903071247	56621570
286.66597257631014	71924388
291.9205377867936	29129764
295.44720827793776	106298104
296.7456939674289	107045388
297.77276730261065	16322013
299.89534456294734	11352029
302.4472546627102	94303644
302.8107568160774	75056789
303.0776960638972	42180831
303.2743429658794	90603958
303.96792645692113	19044177
308.81696894039464	81251693
310.9774598512752	16890513
312.4457805038548	85376128
314.9653705573818	5765535
314.99754302645334	101802011
317.02005033946466	82906787
320.7310200081158	51103745
323.4250769358681	5765569
324.4070483008347	31651817
325.72406933825744	103208165
325.9822895755374	72305288
327.05766722445577	111748937
327.60400445368487	49768733
331.582101071982	1768935
332.68625959545585	95049098
333.99582798796547	30030747
340.9164590156969	48683868
351.00434293444624	39187770
362.61237521889444	111488812
366.0356134940109	25634545
378.7136660830857	21682206
385.6620418483509	111363595
385.828844449024	5765571
387.2951239699944	74516028
403.21207481015495	112916493
441.3795782620865	35802606
444.23959050779877	95587447
460.21401569723037	98804493
462.89305156694013	98804488
463.017607774628	5765119
463.08342721232225	98804491
463.46935863477097	98804487
463.5021786935319	98804482
463.5660056977192	98804481
463.63113485233913	98804495
463.986514016434	98804489
465.00616485520163	98804490
469.40491053759405	98804494
483.7295134469139	30715414
490.03029996380144	104114489
505.77700999959075	109849126
524.4112327855229	32019095
533.2282076414851	94243726
540.1299382064707	64163623
541.1147597166166	5609458
549.405584717415	89208417
554.1989413607174	111928700
565.788655755395	98804492
565.7966418418853	98804484
576.2887479735958	517168
576.397687365261	517167
581.5901476436899	98804483
587.9980602731205	517166
588.4734179627895	98804485
604.0313466944126	98804486
675.5837529300247	57020830
707.3128569542804	111266306
740.0887434877945	111079651
775.4887250508782	110401340
830.4130408297372	111078998
892.8054310945972	30033865
1076.5830812797246	112074159
1106.9948289663864	20898292
1454.2055445874028	30031331
1482.367808284148	4224907
1559.3543709985843	111078997
1734.7399907666922	112916492
2420.006803803502	69428479
2636.530041233831	38758143
3528.6828268792533	93799279
5379500.891750423	
