1.2000798602655773	112106
1.2023418978222031	501947
1.2033659486383343	791324
1.2125272505721518	802123
1.212593959168894	611453
1.2133994084157318	719382
1.2190793050276107	20399
1.220694699702935	206596
1.2265975329556211	674281
1.2292357786451384	229604
1.232157950672574	455341
1.234715071597178	104885
1.2363960657182704	508416
1.2370758257649617	623796
1.2444050626735041	804020
1.2458549552347309	749163
1.2475031303374524	218100
1.2481739844301356	499550
1.2559610030189203	803704
1.2565251124252206	587781
1.257264328275308	679376
1.260580292026107	390246
1.261234878847098	802148
1.2615080216780687	619655
1.265233889335339	802222
1.2675423705667945	175621
1.2756029590589655	652663
1.276036813327854	559380
1.2789235609611886	804310
1.2831046254320342	785586
1.2880348952310825	667646
1.2894256656214655	450428
1.2918960088378675	672395
1.30151744484722	446796
1.3073980884215697	749199
1.3096204203882666	743802
1.3166295055959152	761948
1.318387656850893	385063
1.325245417716092	373270
1.325289786549324	671854
1.3258518186414978	591120
1.3309183388566284	459358
1.331301270795406	759703
1.3313534567484473	752670
1.3382100144845719	209221
1.3464720004839743	776555
1.34699969821797	801309
1.347442877491982	779657
1.3573413595366446	34172
1.3682458711899506	610399
1.3691095895480094	766730
1.3706716594324313	635508
1.3730759004350734	788163
1.3741979979343784	765783
1.3752401912529801	670739
1.3789491881639755	751999
1.3790337880567105	663306
1.3801780405361823	746725
1.3831125844576408	658283
1.3859005425061515	749635
1.3902642302111827	455353
1.3980465376743452	276397
1.4009679190282907	177762
1.4041403364210732	671018
1.4052199952759667	447082
1.4078706115899688	721398
1.4088759275159448	24289
1.4097259518142313	97292
1.4100150038045098	710001
1.4114056977753726	767062
1.4124270917916095	669186
1.4320222074761078	760987
1.4422393859452292	732069
1.4446386072591901	106050
1.4476964800986953	509190
1.4597100895807935	6223
1.4601878113109192	222029
1.4652978457835841	291566
1.468600499710701	491871
1.4790756278487023	47096
1.4822560032527488	177705
1.4832371018247208	176132
1.4850343873956997	804448
1.4898232330589143	724325
1.4910426012685731	589216
1.4911336402649948	385913
1.4927337368919302	772878
1.4974869139233082	750540
1.5038122878129894	377194
1.5062431776957976	518084
1.509943274738529	18137
1.5194008925381643	127333
1.5208671648709224	799974
1.5269794379281314	456851
1.5287059471342737	185593
1.5434626346956555	611467
1.5460795790976107	260952
1.5475179613345091	573153
1.554891996612091	726236
1.5681196542810303	504837
1.5696057682732327	776506
1.5718998385307181	568706
1.572773879250768	41487
1.579122147722818	344754
1.5847160093411423	18136
1.5956011362779736	643695
1.5971845393187238	488730
1.6038614351151128	797696
1.6042996508203617	702311
1.6128451559552592	610250
1.6139046996475552	767998
1.6240643735843985	65512
1.6260967476464177	794841
1.6273516956753615	263273
1.635692709689923	644150
1.6380814662509504	690965
1.6418961601077353	804444
1.6443141515783262	366821
1.6740678907475044	781213
1.7000115392073503	624080
1.7163124174892967	752668
1.7218955246918233	749600
1.7228616857062533	177352
1.733101991001981	790488
1.7346799739376322	538832
1.7355389051759857	427874
1.738064096821677	749452
1.7478537283263922	802991
1.749180554991026	329871
1.7498792634248959	301267
1.7558476980372324	767361
1.758677326657549	795453
1.7649933868197922	13461
1.7741074584363192	789709
1.7761464780623273	720906
1.8027772681120275	804449
1.8063296431774065	442348
1.8184076657614308	55479
1.8457029275580201	780751
1.8499572617111086	591049
1.8610895676721702	708628
1.862867951498203	4676
1.8712892894684046	106200
1.8755660906818628	787156
1.8772722650677063	367958
1.8790859988095079	443610
1.8870717102903838	404670
1.8923692401953058	799368
1.9033162102525263	381688
1.9230953785075922	802337
1.9416906749850706	765733
1.9419721568504065	638751
1.960967788047297	791292
2.020816863566852	517853
2.0342050081586867	775430
2.0360242728002715	665651
2.0514962398254433	760118
2.057699631224241	650471
2.0968378694536987	239601
2.112448420581868	719384
2.115149231194396	765442
2.119305816507623	610172
2.119609363192014	802787
2.179705682059331	56797
2.181761333498699	612238
2.1970612049571927	466201
2.2214293694426033	766459
2.2344829903630763	312476
2.259374388551117	105838
2.268124024721329	267080
2.289026454742722	782916
2.300354556969293	732133
2.318680701498269	790283
2.3215344502362383	766256
2.3787921189875014	773941
2.3869930992857755	495608
2.3931523796535807	508553
2.4998600036547036	766068
2.5272883931797034	796088
2.532913940792013	651032
2.5507585620106163	764974
2.559963453430998	402546
2.561052711397937	803219
2.6871728298408266	802074
2.723639128587872	766677
2.731316669318539	797865
2.7952214585394337	433608
2.8498833336819347	640806
2.8584797499400385	347061
2.933524397557516	611024
2.934507552218365	52683
2.9663583536637996	283717
3.0785901573240255	488407
3.111391887798938	689115
3.29238126485939	765918
3.4115769508559444	488240
3.81684935623581	781003
4.29521719597126	511287
4.931937200854416	87724
2220.095871454773	
